/*--------------------------------*- C++ -*----------------------------------*\
  =========                 |
  \\      /  F ield         | OpenFOAM: The Open Source CFD Toolbox
   \\    /   O peration     | Website:  https://openfoam.org
    \\  /    A nd           | Version:  11
     \\/     M anipulation  |
\*---------------------------------------------------------------------------*/
FoamFile
{
    format      ascii;
    class       cellSet;
    location    "constant/polyMesh/sets";
    object      nonClosedCells;
}
// * * * * * * * * * * * * * * * * * * * * * * * * * * * * * * * * * * * * * //


2437
(
24579 
24581 
24582 
24586 
24587 
20499 
20501 
20502 
20506 
49179 
20507 
49181 
49182 
49186 
49187 
16419 
16421 
16422 
16424 
16425 
16426 
16427 
45100 
45101 
45102 
45105 
12338 
45107 
12339 
12340 
12341 
41018 
41019 
12347 
41020 
41021 
41022 
41026 
8258 
41027 
8259 
8260 
8261 
8262 
8266 
36939 
8268 
36941 
36942 
36946 
36947 
4179 
4181 
4182 
4186 
4187 
32859 
32861 
99 
32867 
101 
102 
106 
107 
28779 
28781 
28782 
28786 
28788 
24699 
24701 
24702 
24706 
24707 
20619 
20621 
20622 
20626 
49299 
20627 
49301 
49302 
49306 
49307 
16539 
16541 
16542 
16546 
45219 
16547 
45221 
45222 
45226 
12458 
45227 
12459 
12460 
12461 
12462 
41138 
12466 
41139 
12467 
41140 
41141 
41142 
41146 
8378 
41147 
8379 
8380 
8381 
8382 
8386 
8387 
37062 
37066 
37067 
4299 
4301 
4302 
4306 
4307 
32980 
32981 
32982 
32986 
219 
32987 
221 
222 
226 
227 
28899 
28900 
28902 
28906 
28907 
24819 
24821 
24822 
24826 
24827 
20739 
20741 
20742 
20746 
49419 
20747 
49421 
49422 
49426 
49427 
16660 
16661 
16662 
16666 
45339 
16667 
45341 
45342 
45346 
45347 
12580 
12581 
12582 
12586 
12587 
41262 
41266 
12594 
8498 
41267 
12595 
8499 
8500 
8501 
8502 
8506 
8507 
37180 
37181 
37182 
37186 
37187 
4419 
4421 
4422 
4426 
4427 
33099 
33101 
33102 
33106 
339 
33107 
341 
342 
346 
347 
29019 
29021 
29022 
29026 
29027 
24939 
24941 
24942 
24946 
24947 
20859 
20861 
20862 
20866 
49539 
20867 
49541 
49542 
49546 
49547 
16779 
16781 
16782 
16786 
45459 
16787 
45461 
45462 
45466 
45467 
12700 
12701 
12702 
41378 
12706 
41379 
12707 
41380 
41381 
41382 
41386 
8618 
41387 
8619 
8620 
41389 
8621 
41390 
8622 
8626 
37299 
8627 
37301 
37302 
37304 
37305 
37306 
37307 
4539 
4541 
4542 
4546 
4547 
33219 
33221 
33222 
33226 
459 
33227 
461 
462 
466 
467 
29139 
29141 
29142 
29143 
29144 
29146 
29147 
29148 
29149 
25059 
25060 
25062 
25066 
25067 
20979 
20981 
20984 
20986 
49659 
20987 
49661 
49662 
49666 
49667 
16900 
16901 
16902 
16906 
45579 
16907 
45581 
45582 
45586 
45587 
12819 
12821 
45590 
12822 
45591 
41498 
12826 
41499 
12827 
41502 
41506 
8738 
41507 
8739 
8742 
8746 
37419 
8747 
37421 
37422 
37426 
37427 
4659 
4661 
4662 
4666 
4667 
33339 
33341 
4670 
33342 
4671 
33346 
579 
33347 
581 
582 
586 
587 
29259 
29261 
29264 
29266 
29267 
25179 
25181 
25182 
25186 
25187 
21099 
21101 
21102 
21103 
21104 
21106 
49779 
21107 
21108 
49781 
21109 
49782 
49786 
49787 
17019 
17021 
17022 
17026 
45699 
17027 
45701 
45702 
45706 
45707 
12939 
12941 
12942 
41618 
12946 
41619 
12947 
41620 
41621 
41622 
41626 
8858 
41627 
8859 
8860 
8861 
8862 
8866 
8867 
37540 
37541 
37542 
37546 
37547 
4780 
4781 
4782 
4786 
4787 
33459 
33461 
33462 
33466 
699 
33467 
701 
702 
706 
707 
29379 
29381 
29382 
29386 
29387 
25299 
25301 
25302 
25306 
25307 
21219 
21221 
21222 
21226 
49899 
21227 
49901 
49902 
49906 
49907 
17139 
17141 
17142 
17145 
45819 
17147 
45821 
45822 
45826 
45827 
13060 
13061 
13062 
41738 
13066 
41739 
13067 
41740 
41741 
41742 
41746 
41747 
8982 
37658 
8986 
37659 
8987 
37660 
37661 
37662 
37666 
37667 
4899 
4901 
4902 
4906 
4907 
33579 
33581 
33582 
33586 
819 
33587 
821 
822 
826 
827 
29500 
29501 
29502 
29506 
29507 
25419 
25421 
25422 
25426 
25427 
21339 
21340 
21342 
21346 
50019 
21347 
50021 
50022 
50026 
50027 
17260 
17261 
17262 
17266 
45939 
17267 
45941 
45942 
45946 
45947 
13182 
41858 
13186 
41859 
13187 
41860 
41861 
41862 
41866 
9098 
41867 
9099 
9100 
9101 
9102 
37778 
9106 
37779 
9107 
37780 
37781 
37782 
37786 
37787 
5019 
5021 
5022 
5026 
5027 
33699 
33701 
33702 
33706 
939 
33707 
941 
942 
946 
947 
29619 
29621 
29622 
29626 
29627 
25539 
25541 
25542 
25546 
25547 
21459 
21461 
21462 
21466 
50139 
21468 
50141 
50142 
21472 
21473 
50146 
50147 
17379 
17381 
17382 
17386 
46059 
46061 
46062 
46066 
46067 
13299 
13301 
17397 
13302 
41978 
13306 
41979 
13307 
41980 
41981 
41982 
41986 
9218 
9219 
41988 
9220 
9221 
9222 
37898 
9226 
37899 
9227 
37900 
37901 
37902 
37906 
37907 
5143 
5146 
5147 
33819 
33821 
33822 
33824 
33825 
33826 
1059 
33827 
1061 
1062 
1066 
1067 
29739 
29741 
29742 
29746 
29747 
25659 
25661 
25662 
25664 
25665 
25666 
25667 
21579 
21581 
21582 
21586 
21588 
17499 
17501 
17502 
17506 
46179 
17507 
46181 
46182 
46186 
46187 
13419 
13421 
5229 
13422 
42098 
13426 
5234 
42099 
13427 
5235 
42100 
5236 
42101 
5237 
42102 
5238 
5239 
5240 
5241 
9338 
5242 
42107 
9339 
5243 
42108 
9340 
5244 
9341 
5245 
9342 
5246 
5247 
5248 
5249 
38018 
9346 
5250 
38019 
9347 
5251 
5252 
5253 
38022 
9350 
5254 
5255 
5256 
5257 
38026 
5258 
38027 
5259 
5260 
5261 
5262 
5263 
5264 
5265 
5266 
5267 
33939 
5268 
5269 
33941 
5270 
33942 
5271 
5272 
5273 
5274 
33946 
1179 
5275 
33947 
5276 
1181 
5277 
1182 
5278 
5279 
1186 
1187 
29859 
29861 
29862 
29866 
29867 
25779 
25781 
25782 
25786 
25787 
21699 
21701 
21702 
21706 
21707 
17619 
17621 
17622 
17626 
46299 
17627 
46301 
46302 
46306 
46307 
13539 
13541 
13544 
42218 
13546 
42219 
13547 
42220 
42221 
42222 
9458 
42227 
9459 
42228 
9460 
9461 
9462 
9466 
9467 
38140 
38141 
38142 
38146 
38147 
5380 
5382 
5383 
5387 
34059 
5388 
34061 
34062 
34066 
1299 
34067 
1301 
1302 
1306 
1307 
29979 
29981 
29982 
29986 
29987 
25900 
25901 
25902 
25906 
25907 
21822 
21826 
21827 
17739 
17740 
17742 
17746 
46419 
17747 
46421 
46422 
46426 
46427 
13660 
13661 
13662 
42338 
13666 
42339 
13667 
42340 
13668 
42341 
13669 
42342 
9578 
42347 
9579 
42348 
9580 
9581 
9582 
9583 
9584 
38258 
9586 
38259 
9587 
38260 
38261 
38262 
5497 
38266 
5498 
38267 
5500 
5501 
5503 
5507 
34179 
5508 
34181 
34182 
34186 
1419 
34187 
1421 
1422 
1426 
1427 
30099 
30101 
30102 
30105 
30107 
26020 
26021 
26022 
26026 
26027 
21939 
21941 
21942 
21946 
21947 
17859 
17860 
17862 
17866 
46539 
17867 
46541 
46542 
46546 
46547 
13779 
13781 
13783 
42458 
13786 
42459 
13787 
42460 
42461 
42462 
9698 
42467 
9699 
42468 
9700 
9701 
9702 
38378 
9706 
38379 
9707 
38380 
38381 
38382 
5617 
38386 
5618 
38387 
5620 
38389 
38390 
5622 
5623 
5627 
34299 
5628 
34301 
34302 
34306 
1539 
34307 
1540 
1542 
1546 
1547 
30219 
30221 
30222 
30226 
30227 
26139 
26141 
26142 
26146 
26147 
22059 
22061 
22062 
22066 
22067 
17979 
17981 
17983 
17986 
46659 
17987 
46661 
46662 
46666 
46667 
13899 
13901 
13902 
42578 
13906 
42579 
13907 
42580 
42581 
42582 
13911 
13912 
9818 
42587 
9819 
42588 
9820 
9821 
9822 
38498 
9826 
38499 
9827 
38500 
38501 
38502 
5737 
38506 
5738 
38507 
5740 
5742 
5743 
5747 
34419 
5748 
34421 
34422 
5754 
34426 
1659 
5755 
34427 
1661 
1662 
1666 
1667 
30339 
30341 
30342 
30346 
30347 
26259 
26261 
26262 
26266 
26267 
22179 
22181 
22182 
22186 
22187 
18099 
18101 
18102 
18103 
18104 
18106 
46779 
18107 
46781 
46782 
46786 
46787 
14019 
14021 
14022 
42698 
14026 
42699 
14027 
42700 
42701 
42702 
42706 
9938 
9939 
42708 
9942 
9946 
9947 
38620 
38621 
38622 
5857 
38626 
5858 
38627 
5863 
5867 
34539 
34541 
5870 
34542 
34546 
1779 
34547 
1781 
1782 
1786 
1787 
30459 
1789 
30461 
1790 
30462 
1791 
1792 
30466 
30467 
26379 
26381 
26382 
26386 
26387 
22299 
22301 
22302 
22306 
22307 
18219 
18221 
18222 
18226 
46899 
18227 
46901 
46902 
46906 
46907 
14139 
14141 
14142 
42818 
14146 
42819 
14147 
42820 
42821 
42822 
10058 
42827 
10059 
42828 
10060 
10061 
10062 
38738 
10066 
38739 
10067 
38740 
38741 
38742 
5977 
38746 
10074 
5978 
38747 
10075 
5980 
5982 
5983 
5987 
34659 
5988 
5989 
34661 
5990 
34662 
34666 
34667 
1900 
1901 
1902 
1906 
1907 
30579 
30581 
30582 
1912 
1913 
30586 
30587 
26499 
26501 
26502 
26506 
22419 
22421 
22422 
22426 
22427 
18339 
18341 
18342 
18346 
47019 
18347 
47020 
47022 
47025 
47027 
14259 
14261 
14262 
42938 
14266 
42939 
14267 
42940 
42941 
42942 
10178 
42947 
10179 
42948 
10180 
10181 
10182 
38858 
10186 
38859 
10187 
38860 
38861 
38862 
6097 
38866 
6098 
38867 
6100 
6102 
6103 
6107 
6108 
34780 
34781 
34782 
34786 
34787 
2020 
2021 
2022 
2026 
2027 
30699 
30701 
30703 
30706 
30707 
26619 
26621 
26622 
26626 
26627 
22539 
22541 
22542 
22544 
22545 
22546 
22547 
18459 
18461 
18462 
18466 
47139 
18467 
47141 
47142 
47146 
47147 
14379 
14381 
14382 
43058 
14386 
43059 
14387 
43060 
43061 
43062 
10298 
43067 
10299 
10300 
10301 
10302 
38978 
10306 
38979 
10307 
38980 
38981 
38982 
6217 
38986 
6218 
38987 
6220 
6222 
6223 
6227 
34899 
6228 
34901 
34902 
34906 
34907 
2139 
2141 
2142 
2146 
2147 
30820 
30821 
30822 
30826 
30827 
26739 
26741 
26742 
26746 
26747 
22659 
22661 
22662 
22666 
22667 
18579 
18581 
18582 
18586 
18587 
47260 
47261 
47262 
47264 
47265 
47266 
47267 
14500 
14501 
14502 
14504 
14505 
43178 
14506 
43179 
14507 
43180 
43181 
43183 
43184 
43185 
10418 
43187 
10419 
43188 
10420 
10421 
10422 
39098 
10426 
39099 
10427 
39100 
39101 
39102 
39106 
39107 
6340 
6342 
6343 
35019 
6347 
6348 
35021 
35022 
35026 
35027 
2259 
2261 
2262 
2266 
2267 
30939 
30941 
30942 
30946 
30947 
30950 
26859 
26861 
26862 
26866 
26867 
22779 
22781 
22782 
22786 
22788 
18699 
18701 
18702 
18706 
47379 
18707 
47381 
47382 
47386 
47387 
14619 
14621 
14622 
43298 
14626 
43299 
14627 
43300 
43302 
43303 
10538 
43307 
10539 
10540 
10541 
10542 
39218 
10546 
39219 
10547 
39220 
39221 
39222 
39226 
6458 
39227 
6459 
6460 
6462 
6463 
35139 
6467 
6468 
35141 
35142 
35146 
2380 
2381 
2382 
2386 
2387 
31059 
2389 
31061 
31062 
2391 
31066 
31067 
26979 
26981 
26982 
26986 
26987 
22899 
22901 
22902 
22906 
22907 
18819 
18821 
18822 
18826 
47499 
18827 
47501 
47502 
47506 
47507 
14739 
14741 
14742 
43418 
14746 
43419 
14747 
43420 
43422 
43423 
10658 
43427 
10659 
43428 
10660 
10661 
10662 
39338 
10666 
39339 
10667 
39340 
39341 
39342 
39346 
6578 
39347 
6579 
6580 
6581 
6583 
35259 
6587 
6588 
35261 
35262 
35266 
35267 
2499 
2501 
2502 
2506 
2507 
31179 
31181 
31182 
31186 
31187 
27099 
27100 
27102 
27106 
27107 
23019 
23021 
23022 
23026 
18939 
18941 
18942 
18946 
47619 
18947 
47621 
47622 
47626 
47627 
14859 
14861 
14862 
43538 
14866 
43539 
14867 
43540 
43542 
43543 
10778 
43547 
10779 
43548 
10780 
10781 
10782 
10785 
39458 
39459 
10787 
39460 
39461 
39462 
39466 
6698 
39467 
6699 
6700 
6702 
6703 
10800 
10801 
35379 
6707 
6708 
35381 
35382 
35386 
35387 
2619 
2621 
2622 
2626 
2627 
31299 
31301 
31302 
31306 
31307 
27219 
27221 
27222 
27226 
27227 
23139 
23141 
23142 
23146 
23147 
19059 
19061 
19062 
19066 
47739 
19067 
47741 
47742 
47746 
47747 
14979 
14981 
14982 
43658 
14986 
43659 
14987 
43661 
43662 
43663 
10898 
43667 
10899 
43668 
10900 
10901 
10902 
39578 
10906 
39579 
10907 
39580 
39581 
39582 
39586 
6818 
39587 
6819 
6820 
6822 
6823 
10920 
35499 
6827 
6828 
35501 
35502 
35506 
35507 
2739 
2741 
2742 
2746 
2747 
31419 
31421 
31422 
31426 
31427 
27339 
27341 
27342 
27346 
27347 
23259 
23261 
23262 
23266 
23267 
19179 
19181 
19182 
19186 
47859 
19187 
47861 
47863 
47866 
47867 
15099 
47869 
15101 
15102 
47871 
43778 
15106 
43779 
15107 
43780 
43782 
43783 
11018 
43787 
11019 
43788 
11020 
11021 
11022 
39698 
11026 
39699 
11027 
39700 
39701 
39702 
39706 
6938 
39707 
6939 
6940 
6942 
6943 
35619 
6947 
35621 
35622 
35626 
35627 
2860 
2861 
2862 
2866 
2867 
31539 
31541 
31542 
31546 
31547 
27459 
27461 
27462 
27466 
27467 
23379 
23381 
23382 
23386 
23387 
19299 
19301 
19302 
19306 
47979 
19307 
47981 
47982 
19310 
19311 
47986 
47987 
15219 
15221 
15222 
15226 
15227 
43900 
43902 
43903 
11138 
43907 
11139 
43908 
11140 
11141 
11142 
39818 
11146 
39819 
11147 
39820 
39821 
39822 
39826 
7058 
39827 
7059 
7060 
7061 
7063 
7064 
7065 
7067 
35740 
7068 
35741 
35742 
35746 
35747 
2979 
2981 
2982 
2986 
2987 
31659 
31661 
31662 
31666 
31667 
27579 
27581 
27582 
27586 
27587 
23502 
23506 
23507 
19420 
19421 
19422 
19426 
19427 
48100 
48101 
48102 
48106 
48107 
15339 
15341 
15342 
44017 
44018 
15346 
15347 
44020 
44022 
44023 
11258 
44027 
11259 
44028 
11260 
11261 
11262 
39938 
11266 
39939 
11267 
39940 
39941 
39942 
39946 
7178 
39947 
7179 
7180 
7181 
7182 
35859 
7187 
35861 
35862 
35866 
35867 
3099 
3101 
3102 
3106 
3107 
31779 
31781 
31782 
31786 
31787 
27699 
27701 
27702 
27704 
27705 
27706 
27707 
23619 
23621 
23622 
23626 
23627 
19539 
19541 
19543 
19546 
19547 
48222 
48226 
48227 
15459 
15461 
15462 
44137 
44138 
15466 
15467 
44140 
44142 
44143 
11378 
44147 
11379 
44148 
11380 
11381 
11382 
40058 
11386 
40059 
11387 
40060 
40061 
40062 
40066 
7298 
40067 
7299 
7300 
7301 
7303 
7307 
35980 
7308 
35981 
35982 
35986 
35987 
3219 
3221 
3222 
3226 
3227 
31899 
31901 
31902 
31906 
31907 
27819 
27821 
27822 
27826 
27827 
23739 
23741 
23742 
23746 
23747 
19659 
19661 
19662 
19666 
48339 
19667 
48341 
48342 
48346 
48347 
15579 
48349 
15581 
48350 
15582 
44257 
48354 
44258 
15586 
48355 
15587 
44260 
44262 
44263 
11498 
44267 
11499 
44268 
11500 
44269 
11501 
44270 
11502 
40178 
11506 
40179 
11507 
40180 
40181 
40182 
40186 
7418 
40187 
7419 
7420 
7421 
7423 
40194 
40195 
7427 
7428 
36102 
36105 
36107 
3339 
3341 
3342 
3345 
3347 
32019 
32021 
32022 
32026 
32027 
27940 
27941 
27942 
27946 
23859 
23861 
23862 
23866 
23867 
19779 
19781 
19782 
19786 
48459 
19787 
48461 
48462 
48466 
48467 
15699 
15701 
15702 
44377 
44378 
15706 
15707 
44380 
44382 
11618 
11619 
44388 
11622 
40298 
11626 
40299 
11627 
40302 
40306 
7538 
40307 
7539 
7540 
7541 
7542 
36219 
7547 
7548 
36221 
36222 
36226 
36227 
3459 
3461 
3462 
3466 
3467 
32139 
32141 
32142 
32143 
32144 
32146 
32147 
28062 
28066 
28067 
23979 
23981 
23982 
23986 
23987 
19899 
19901 
19902 
19906 
48579 
19907 
48581 
48582 
48586 
48587 
15819 
15821 
15822 
44497 
44498 
15826 
15827 
44500 
44502 
44503 
11738 
44507 
11739 
11740 
44509 
11741 
11742 
44514 
40418 
11746 
44515 
40419 
11747 
40422 
40426 
7658 
40427 
7659 
7660 
7661 
7662 
36339 
7667 
7668 
36341 
36342 
36346 
36347 
3579 
3581 
3582 
36351 
36352 
3586 
3587 
32259 
32261 
32262 
32266 
32267 
28179 
28181 
28182 
28186 
28187 
24099 
24101 
24102 
24106 
24107 
20019 
20021 
20022 
20026 
48699 
20027 
48701 
48702 
48706 
48707 
15939 
15941 
15942 
44617 
44618 
15946 
15947 
44620 
44622 
44623 
11858 
44627 
11859 
11860 
11861 
11862 
44634 
40538 
11866 
40539 
11867 
40540 
40541 
11869 
40542 
11870 
40546 
7778 
40547 
7779 
7780 
7781 
7782 
36459 
7787 
7788 
36461 
36463 
36466 
36467 
3699 
3701 
3702 
3706 
3707 
32379 
32380 
32382 
32386 
32387 
28299 
28301 
28302 
28306 
28307 
24220 
24221 
24222 
24226 
24227 
20139 
20141 
20142 
20146 
48819 
20147 
48821 
48822 
48826 
16059 
48828 
16061 
16062 
44737 
44738 
16066 
16067 
44740 
44741 
44743 
11978 
44747 
11979 
44748 
11980 
11981 
11982 
40658 
11986 
40659 
11987 
40660 
40661 
40662 
40666 
7898 
40667 
7899 
7900 
7901 
7902 
7907 
36580 
7908 
36581 
36582 
36586 
36587 
3819 
36588 
36589 
3821 
3822 
3826 
3827 
32499 
32501 
32502 
3834 
32506 
3835 
32507 
28419 
28420 
28422 
28426 
28427 
24342 
24346 
24347 
20259 
20261 
20262 
20266 
48939 
20267 
48940 
48942 
48946 
16179 
48948 
16181 
16182 
16186 
16187 
44860 
44862 
44863 
44867 
44868 
12100 
12101 
12102 
40778 
12106 
40779 
12107 
40780 
40781 
40782 
40786 
8018 
40787 
8019 
8020 
8021 
8022 
36699 
8027 
8028 
36701 
36704 
36706 
36707 
3939 
3941 
3942 
3946 
3947 
32619 
32621 
32622 
32626 
32627 
28539 
28541 
28542 
28546 
28547 
24459 
24461 
24462 
24466 
24467 
44949 
44954 
44955 
20379 
44956 
44957 
20381 
44958 
20382 
44959 
44960 
44961 
44962 
20386 
49059 
44963 
20387 
44964 
49061 
44965 
49062 
44966 
44967 
44968 
44969 
49066 
44970 
49067 
44971 
16299 
44972 
44973 
16301 
44974 
16302 
44975 
44976 
44977 
44978 
16306 
44979 
16307 
44980 
44981 
44982 
44983 
44984 
44985 
44986 
12218 
44987 
12219 
44988 
12220 
44989 
12221 
44990 
12222 
44991 
44992 
44993 
44994 
40898 
12226 
44995 
40899 
12227 
44996 
40900 
44997 
40901 
44998 
40902 
44999 
40906 
8138 
40907 
8139 
8140 
8141 
8142 
36819 
8147 
8148 
36821 
36822 
36826 
36827 
4059 
4061 
4062 
4066 
4067 
32740 
32741 
32742 
32746 
32747 
28659 
28661 
28662 
28666 
28668 
)

// ************************************************************************* //
