/*--------------------------------*- C++ -*----------------------------------*\
  =========                 |
  \\      /  F ield         | OpenFOAM: The Open Source CFD Toolbox
   \\    /   O peration     | Website:  https://openfoam.org
    \\  /    A nd           | Version:  11
     \\/     M anipulation  |
\*---------------------------------------------------------------------------*/
FoamFile
{
    format      ascii;
    class       faceSet;
    location    "constant/polyMesh/sets";
    object      wrongOrientedFaces;
}
// * * * * * * * * * * * * * * * * * * * * * * * * * * * * * * * * * * * * * //


3178
(
86016 
98305 
90113 
86018 
90115 
86020 
90117 
86022 
90119 
86024 
90121 
90123 
86028 
90125 
86030 
90127 
86032 
90129 
86034 
90131 
86036 
90133 
86038 
90135 
86040 
90137 
53273 
86042 
90139 
86044 
81948 
90141 
86046 
86048 
86050 
90147 
53283 
86052 
90149 
86054 
90151 
86056 
86058 
86060 
90157 
86062 
90159 
86064 
90161 
86066 
90163 
86068 
90165 
86070 
90167 
86072 
90169 
86074 
90171 
16443 
90173 
90175 
90177 
16449 
90179 
86084 
86090 
86096 
86098 
12371 
16467 
86100 
16469 
86102 
16471 
86104 
12377 
16473 
86106 
45146 
16475 
86108 
16477 
86110 
8287 
16479 
86112 
16481 
86114 
16483 
73827 
86116 
12389 
16485 
8295 
12391 
16487 
8297 
12393 
16489 
12395 
16491 
8301 
16493 
4207 
8303 
16495 
16497 
4211 
8307 
16499 
8309 
16501 
4214 
8311 
16503 
8313 
16505 
4219 
8315 
16507 
8317 
16509 
4223 
8319 
16511 
8321 
16513 
4227 
8323 
16515 
8325 
98438 
8327 
8329 
8331 
4237 
8333 
16525 
4239 
8335 
16527 
8337 
16529 
4243 
8339 
4245 
8341 
98454 
4247 
8343 
16535 
98456 
4249 
8345 
16537 
98458 
4251 
8347 
16539 
98460 
4253 
8349 
16541 
98462 
4255 
8351 
16543 
98464 
4257 
8353 
16545 
98466 
4259 
8355 
16547 
98468 
4261 
8357 
16549 
98470 
4263 
8359 
16551 
98472 
4265 
16553 
98474 
4267 
16555 
98476 
94381 
4269 
8365 
16557 
98478 
94383 
4271 
8367 
98480 
94385 
4273 
8369 
98482 
94387 
4275 
98484 
4277 
98486 
4279 
8375 
98488 
94393 
8377 
98490 
8379 
98492 
4285 
8381 
98494 
4287 
8383 
98496 
4289 
8385 
98498 
90306 
8387 
98500 
90309 
8389 
98502 
4295 
8391 
98504 
4297 
8393 
98506 
4299 
8395 
90316 
4301 
8397 
4303 
98512 
90320 
4305 
98514 
90322 
4307 
98516 
90324 
4309 
4311 
90328 
4313 
98522 
4315 
98524 
4317 
98526 
98528 
98530 
98532 
98534 
57575 
98536 
86249 
57577 
98538 
98540 
98542 
98544 
86267 
86269 
82186 
20769 
16683 
49461 
49463 
49464 
78141 
16707 
16709 
74054 
16711 
16713 
12619 
16715 
12621 
16717 
12623 
16721 
8531 
16723 
74068 
8533 
16725 
16727 
12633 
16729 
8539 
16731 
12637 
16733 
12639 
16735 
4449 
12641 
16737 
8547 
12643 
16739 
8549 
12645 
16741 
4455 
8551 
12647 
16743 
8553 
12649 
16745 
4459 
8555 
12651 
16747 
4461 
8557 
12653 
16749 
8559 
12655 
16751 
4465 
8561 
12657 
16753 
98675 
8563 
12659 
16755 
8565 
12661 
4471 
8567 
12663 
4473 
8569 
12665 
98683 
4475 
8571 
12667 
98685 
4477 
8573 
12669 
16765 
98687 
4479 
8575 
12671 
16767 
98689 
8577 
12673 
16769 
4483 
8579 
12675 
4485 
8581 
12677 
4487 
8583 
12679 
16775 
4489 
8585 
12681 
16777 
4491 
8587 
16779 
4493 
8589 
16781 
4495 
8591 
12687 
16783 
4497 
8593 
12689 
16785 
94610 
4499 
8595 
12691 
16787 
4501 
8597 
16789 
4503 
8599 
16791 
4505 
12697 
16793 
94618 
4507 
12699 
16795 
4509 
8605 
12701 
16797 
4511 
8607 
12703 
4513 
8609 
12705 
4515 
12707 
4517 
12709 
94630 
4519 
8615 
12711 
94632 
8617 
12713 
8619 
12715 
4525 
8621 
12717 
4527 
8623 
90545 
4529 
8625 
8627 
90549 
8629 
4535 
8631 
4537 
8633 
4539 
8635 
4541 
8637 
4543 
4545 
4547 
29124 
4549 
4551 
4553 
4555 
4557 
82419 
53753 
82431 
82441 
21002 
82445 
82447 
82449 
82451 
49690 
16923 
78365 
49700 
16937 
16939 
16941 
12847 
16943 
16947 
12853 
16949 
12855 
16951 
16953 
45625 
12859 
16955 
45627 
45628 
12861 
16957 
45629 
45630 
12863 
74303 
12865 
4691 
4693 
4695 
4699 
4701 
4709 
98922 
98924 
4717 
98926 
98928 
98932 
98934 
98936 
66169 
98938 
98940 
98942 
98944 
98946 
98948 
98950 
98952 
98954 
98956 
98958 
98960 
98962 
98964 
98966 
98968 
98970 
98972 
98974 
98976 
90784 
98978 
98980 
90788 
98982 
98984 
90792 
98990 
90799 
98992 
98994 
99000 
99002 
99004 
99006 
29375 
99008 
99010 
86723 
99012 
99014 
99016 
99018 
86731 
99020 
99022 
86745 
86747 
53980 
86749 
86751 
86753 
82658 
86755 
86757 
86759 
86761 
86763 
86765 
82670 
86767 
86769 
82674 
86771 
82676 
86773 
86775 
82680 
86777 
86779 
86781 
21246 
86783 
49919 
86785 
86787 
86789 
86791 
82696 
82700 
86797 
78606 
82702 
82704 
49937 
82706 
86803 
82708 
86805 
82710 
86807 
82712 
17177 
82714 
17179 
82716 
86813 
17181 
82718 
86815 
13087 
17183 
82720 
86817 
82722 
86819 
82724 
86821 
82726 
86823 
82728 
86825 
13097 
45866 
86827 
13099 
86829 
13101 
82734 
86831 
13103 
82736 
86833 
13105 
74546 
82738 
82740 
82742 
9017 
9019 
9020 
82748 
82750 
9023 
82752 
4929 
82754 
9027 
82756 
9029 
82758 
9031 
82760 
4937 
9033 
82762 
4939 
9035 
82764 
9037 
82766 
9039 
82768 
9041 
82770 
4947 
9043 
4949 
9045 
4951 
9047 
99161 
857 
4953 
9049 
99163 
859 
4955 
9051 
99165 
861 
4957 
9053 
99167 
863 
9055 
9057 
99171 
867 
9059 
99173 
869 
9061 
99175 
871 
9063 
99177 
873 
9065 
99179 
875 
9067 
99181 
877 
9069 
99183 
879 
9071 
99185 
881 
9073 
99187 
883 
9075 
95092 
99189 
885 
9077 
99191 
887 
9079 
99193 
889 
95098 
99195 
891 
95100 
99197 
893 
9085 
99199 
895 
9087 
99201 
897 
9089 
99203 
899 
95108 
99205 
901 
95110 
99207 
903 
9095 
95112 
99209 
905 
9097 
95114 
99211 
907 
9099 
95116 
99213 
909 
9101 
95118 
99215 
911 
9103 
99217 
913 
9105 
99219 
915 
9107 
99221 
917 
9109 
99223 
919 
9111 
9113 
91035 
9115 
99229 
91037 
925 
9117 
99231 
927 
99233 
91041 
929 
91045 
99239 
91047 
935 
99241 
91049 
937 
99243 
91051 
939 
99245 
91053 
941 
99247 
91055 
943 
99249 
91057 
945 
86962 
99251 
91059 
947 
99253 
91061 
949 
99255 
91063 
951 
99257 
91065 
953 
99259 
91067 
955 
86972 
99261 
91069 
957 
86974 
91071 
86976 
91073 
86978 
91075 
86980 
91077 
91079 
91081 
91083 
91085 
91087 
25551 
91089 
91091 
91093 
91095 
54231 
54232 
91097 
54234 
91103 
91105 
91107 
91113 
91115 
21483 
91117 
50158 
91119 
91121 
91123 
91125 
91127 
50168 
91129 
91131 
17403 
91133 
91135 
50180 
50182 
17417 
17421 
13327 
17423 
17427 
13337 
13339 
13341 
13343 
9249 
13345 
46115 
9253 
13349 
13351 
46119 
13353 
46122 
13355 
13357 
13359 
13361 
13363 
119861 
13365 
119862 
13367 
13369 
13371 
13373 
13375 
13377 
70722 
13379 
13381 
13383 
1097 
13385 
1099 
13387 
1101 
13389 
1103 
13391 
13393 
1107 
13395 
1109 
21589 
21590 
1111 
1113 
13401 
1115 
1117 
1119 
13407 
1121 
13409 
95331 
1123 
13411 
95333 
1125 
95335 
1127 
1129 
13417 
95339 
1131 
13419 
95341 
1133 
13421 
1135 
13423 
33904 
95345 
1137 
13425 
1139 
13427 
95349 
1141 
13429 
62582 
1143 
13431 
1145 
13433 
62585 
1147 
13435 
95357 
1149 
13437 
1151 
1153 
91266 
1155 
1157 
91270 
1159 
91274 
91276 
1165 
91278 
1167 
91280 
1169 
91284 
91286 
1175 
91288 
1177 
91290 
1179 
91292 
1181 
91294 
1183 
91296 
87201 
1185 
91298 
1187 
91300 
1189 
91302 
87207 
1191 
91304 
87209 
1193 
91306 
1195 
91308 
87213 
1197 
91310 
87215 
91312 
87217 
91314 
87219 
91316 
91318 
91320 
91322 
25786 
91324 
91326 
83134 
91328 
91330 
91332 
54468 
91334 
54470 
91336 
83148 
91342 
83150 
91344 
83152 
91346 
83154 
83158 
91352 
83160 
91354 
83162 
91356 
83164 
91358 
83166 
91360 
83168 
91362 
91364 
50405 
91366 
79079 
91368 
91370 
91372 
17645 
91374 
50417 
50420 
17657 
17667 
17671 
17673 
46346 
17675 
9485 
17677 
9489 
5407 
70949 
5415 
70959 
1329 
5427 
5429 
1337 
1339 
1341 
1343 
95568 
95574 
95578 
95580 
95584 
95590 
95592 
95594 
95596 
95598 
95602 
91507 
95604 
91509 
95606 
95608 
95610 
91515 
95612 
95614 
95616 
95618 
91523 
95620 
91525 
95622 
91527 
95624 
91529 
95626 
91531 
95628 
91533 
95630 
91535 
95632 
91537 
95634 
91539 
95636 
91541 
95638 
91543 
91545 
87450 
91547 
95644 
91549 
95646 
87454 
91551 
95648 
87456 
91553 
87458 
91555 
91557 
95654 
91559 
95656 
91561 
95658 
87466 
91563 
95660 
91565 
26029 
83373 
95662 
87470 
91567 
95664 
87472 
91569 
95666 
87474 
54706 
91571 
95668 
87476 
91573 
95670 
87478 
91575 
95672 
87480 
95674 
87482 
95676 
87484 
91581 
87486 
91583 
87488 
91585 
87490 
87492 
83397 
87494 
91591 
83399 
87496 
91593 
83401 
87498 
91595 
83403 
87500 
91597 
83405 
87502 
91599 
83407 
87504 
91601 
87506 
91603 
83411 
87508 
91605 
83413 
87510 
91607 
83415 
87512 
21976 
91609 
83417 
87514 
50650 
91611 
83419 
91613 
83421 
83423 
87520 
50656 
83425 
87522 
50658 
17891 
83427 
87524 
17892 
83429 
83431 
83433 
87530 
83435 
87532 
83437 
87534 
83439 
87536 
83441 
87538 
83443 
13811 
87540 
83445 
87542 
87544 
87546 
87548 
9725 
87550 
83455 
83457 
83459 
13829 
9735 
13831 
83465 
83467 
9739 
83469 
9741 
83471 
9743 
5648 
83473 
83475 
9747 
83477 
42518 
83479 
42520 
83481 
5657 
83483 
5659 
83485 
5661 
83487 
5663 
99872 
99873 
99874 
99875 
1571 
99876 
99877 
5669 
99878 
99879 
99880 
99881 
99882 
99883 
99884 
99885 
99886 
99887 
99888 
99889 
99890 
99891 
1587 
99892 
99893 
1589 
99894 
99895 
1591 
99896 
99897 
1593 
99898 
99899 
1595 
99900 
99901 
95805 
1597 
99902 
95806 
99903 
95807 
1599 
99904 
99905 
1601 
99906 
99907 
95811 
1603 
99908 
99909 
1605 
99910 
99911 
95815 
1607 
99912 
99913 
95817 
1609 
99914 
99915 
95819 
1611 
99916 
99917 
1613 
99918 
99919 
1615 
99920 
99921 
95825 
1617 
99922 
99923 
1619 
99924 
99925 
95829 
1621 
99926 
99927 
95831 
1623 
99928 
99929 
95833 
1625 
99930 
99931 
95835 
1627 
99932 
99933 
95837 
1629 
99934 
91742 
1631 
95841 
1633 
95843 
1635 
95845 
1637 
91750 
95847 
1639 
91752 
34408 
95849 
95851 
91756 
95853 
1645 
91758 
95855 
1647 
95857 
1649 
91762 
95859 
91764 
95861 
91766 
95863 
1655 
91768 
95865 
1657 
91770 
95867 
1659 
91772 
95869 
1661 
91774 
95871 
1663 
91776 
95873 
1665 
91778 
95875 
87683 
1667 
91780 
95877 
1669 
91782 
1671 
91784 
87689 
1673 
91786 
95883 
1675 
91788 
95885 
1677 
91790 
95887 
91792 
91794 
91796 
95893 
87701 
91798 
95895 
87703 
91800 
95897 
87705 
91802 
26266 
95899 
87707 
91804 
83612 
95901 
91806 
95903 
54943 
91808 
95905 
91810 
95907 
91812 
83620 
95909 
91814 
95911 
95913 
95915 
91820 
91822 
91824 
83636 
91830 
83638 
91832 
83640 
91834 
83642 
91836 
83644 
91838 
83646 
50879 
91840 
83648 
22209 
91842 
83650 
91844 
83652 
91846 
83654 
91848 
83656 
91850 
83658 
91852 
83660 
100045 
100046 
83662 
100047 
100048 
83664 
100049 
100050 
83666 
100051 
100052 
83668 
100053 
100054 
83670 
100055 
100056 
83672 
100057 
100058 
83674 
100059 
100060 
83676 
100061 
100062 
83678 
100063 
100064 
83680 
100065 
100066 
83682 
100067 
14051 
100068 
83684 
46820 
100069 
100070 
100071 
46823 
100072 
100073 
14057 
100074 
100075 
14059 
100076 
100077 
14061 
100078 
83694 
100079 
14063 
100080 
83696 
100081 
14065 
100082 
83698 
100083 
100084 
100085 
14069 
100086 
100087 
14071 
100088 
83704 
100089 
14073 
100090 
83706 
100091 
14075 
100092 
83708 
100093 
14077 
100094 
83710 
100095 
5887 
14079 
100096 
83712 
100097 
14081 
100098 
83714 
100099 
9987 
14083 
100100 
83716 
182021 
100101 
14085 
182022 
100102 
83718 
100103 
9991 
14087 
100104 
83720 
100105 
5897 
9993 
14089 
100106 
83722 
100107 
5899 
9995 
14091 
100108 
83724 
5901 
9997 
14093 
83726 
5903 
9999 
14095 
10001 
14097 
1811 
10003 
14099 
10005 
14101 
10007 
14103 
10009 
14105 
10011 
14107 
10013 
14109 
10015 
14111 
10017 
14113 
1827 
10019 
14115 
10021 
1831 
10023 
1833 
10025 
1835 
10027 
1837 
10029 
14125 
96046 
1839 
10031 
1841 
10033 
96050 
1843 
10035 
14131 
96052 
1845 
10037 
1847 
10039 
1849 
14137 
1851 
14139 
96060 
1853 
10045 
14141 
96062 
1855 
10047 
14143 
1857 
10049 
14145 
96066 
1859 
14147 
96068 
1861 
14149 
1863 
10055 
14151 
34631 
1865 
10057 
14153 
91979 
1867 
10059 
14155 
96076 
1869 
10061 
14157 
1871 
10063 
96080 
91985 
1873 
10065 
100178 
96082 
1875 
10067 
96084 
1877 
10069 
96086 
91991 
1879 
10071 
96088 
91993 
10073 
91994 
91995 
10075 
91997 
1885 
10077 
1887 
92001 
1889 
92003 
92005 
92007 
1895 
92009 
1897 
92011 
1899 
92013 
1901 
87918 
92015 
1903 
92017 
1905 
92019 
1907 
92021 
1909 
92023 
1911 
87928 
92025 
1913 
92027 
1915 
92029 
1917 
92031 
92033 
92035 
92037 
92039 
55175 
55176 
92041 
92043 
92045 
83853 
92047 
92049 
83857 
92051 
92053 
55191 
92059 
92061 
92063 
83871 
92069 
92071 
92073 
92075 
92077 
92079 
79792 
92081 
92083 
92085 
92087 
92089 
92091 
47051 
14291 
14305 
10213 
14309 
14311 
14313 
10219 
14315 
14317 
10223 
14319 
14321 
10227 
14323 
10229 
14325 
10231 
14327 
6137 
10233 
14329 
10235 
14331 
6140 
10237 
14333 
10239 
14335 
10241 
14337 
10243 
14339 
10245 
14341 
10247 
14343 
2057 
10249 
14345 
2059 
10251 
14347 
2061 
10253 
14349 
2063 
10255 
14351 
10257 
14353 
10259 
14355 
10261 
10263 
10265 
10267 
96285 
10269 
14365 
96287 
10271 
14367 
10273 
14369 
10275 
14371 
96293 
10277 
96294 
10279 
96297 
10281 
14377 
10283 
14379 
96301 
10285 
14381 
96303 
10287 
14383 
10289 
14385 
96307 
14387 
14389 
34870 
10295 
14391 
10297 
14393 
92218 
96315 
10299 
14395 
96317 
10301 
14397 
92222 
10303 
96321 
10305 
63554 
10307 
10309 
96327 
10311 
10313 
96331 
10315 
96333 
10317 
96335 
96337 
96339 
96341 
96343 
96345 
96347 
96349 
96351 
96353 
88161 
96355 
96361 
96363 
96365 
96371 
96377 
84090 
96379 
92284 
100477 
96381 
96387 
96389 
96391 
96393 
84108 
51361 
51367 
51381 
18629 
14543 
10457 
43227 
6365 
10461 
6373 
10469 
10471 
6377 
10473 
6379 
10475 
6381 
10477 
6383 
10479 
2289 
10481 
2291 
6387 
10483 
6389 
10485 
10487 
2297 
10489 
2299 
10491 
2301 
10493 
10495 
10497 
10499 
10501 
10503 
10505 
96522 
10507 
67852 
10509 
96526 
10511 
10513 
96530 
10515 
10517 
96534 
10519 
10521 
10523 
10525 
96542 
10527 
10529 
96546 
10531 
10533 
96550 
10535 
10537 
96554 
92459 
10539 
10541 
96558 
92463 
10543 
92465 
10545 
96562 
10547 
96564 
10549 
10551 
96568 
10553 
96570 
10555 
96572 
10557 
96574 
92479 
96576 
92481 
96578 
92483 
96580 
92485 
96582 
96584 
96586 
96588 
96590 
96592 
96594 
96600 
96602 
96604 
96610 
88418 
55651 
96612 
88420 
96614 
88422 
26983 
96616 
88424 
84329 
96618 
88426 
96620 
88428 
92525 
26989 
96622 
88430 
92527 
84335 
96624 
88432 
92529 
84337 
96626 
88434 
92531 
96628 
88436 
96630 
88438 
96632 
88440 
92537 
88442 
92539 
88444 
92541 
88446 
84351 
88448 
88450 
92547 
84355 
88452 
92549 
84357 
88454 
92551 
84359 
88456 
92553 
84361 
88458 
92555 
84363 
88460 
92557 
84365 
88462 
92559 
84367 
92561 
84369 
92563 
84371 
88468 
92565 
84373 
88470 
92567 
84375 
92569 
84377 
84379 
88476 
84381 
88478 
18846 
84383 
88480 
84385 
88482 
84387 
88484 
84389 
88486 
84391 
88488 
84393 
88490 
84395 
88492 
84397 
88494 
84399 
88496 
84401 
88498 
88500 
76213 
88502 
18871 
88504 
88506 
84411 
84413 
84415 
84417 
84423 
84425 
84427 
84429 
84431 
84433 
84435 
6611 
84437 
84439 
6615 
84441 
84443 
72160 
2531 
6629 
2539 
2543 
10737 
2547 
2549 
10741 
96759 
2551 
10743 
10745 
10747 
10749 
96767 
10751 
96769 
10753 
10755 
10757 
96775 
10759 
96777 
10761 
96783 
10767 
10769 
10771 
96793 
10777 
10779 
96797 
10781 
64030 
96799 
10783 
96801 
10785 
92706 
96803 
10787 
96805 
10789 
96807 
10791 
96809 
10793 
96811 
10795 
96813 
10797 
96815 
96817 
96819 
96821 
92726 
96823 
92728 
96825 
92730 
96827 
92732 
92734 
88639 
92736 
92738 
92740 
92742 
92744 
92746 
92748 
92750 
92752 
92754 
92756 
92758 
92760 
92762 
92764 
92766 
92768 
92770 
84580 
92776 
84584 
92778 
84586 
92780 
84588 
84592 
92786 
92788 
84596 
92790 
84598 
92792 
84600 
23161 
92794 
84602 
92796 
84604 
23165 
51837 
92798 
84606 
80510 
92800 
84608 
92802 
84610 
23171 
92804 
84612 
92806 
84614 
92808 
84616 
84618 
19082 
84620 
19084 
19085 
84622 
84624 
19089 
84626 
84628 
84630 
19095 
84632 
84634 
84636 
76444 
84638 
84640 
19108 
51878 
84650 
84652 
84654 
76462 
84656 
84662 
84664 
47800 
84666 
84668 
10941 
15037 
84670 
47806 
84672 
10945 
84674 
84676 
84678 
6855 
84680 
84682 
6859 
72397 
2767 
2773 
2779 
10977 
2791 
97000 
97002 
2795 
2797 
97006 
97008 
97012 
97014 
92939 
92945 
92949 
92953 
92957 
92959 
92961 
92963 
92965 
92967 
92969 
92971 
97068 
92973 
97070 
88878 
92975 
97072 
92977 
92979 
92981 
97078 
92983 
97080 
92985 
97082 
92987 
92989 
92991 
97088 
92993 
97090 
92995 
97092 
92997 
97094 
92999 
84807 
97096 
93001 
97098 
93003 
97100 
93005 
97102 
93007 
97104 
93009 
97106 
97108 
84821 
97110 
93015 
84823 
93017 
84825 
93019 
84827 
84831 
93025 
84833 
93027 
84835 
93029 
84837 
93031 
84839 
93033 
84841 
93035 
80747 
52076 
93037 
93039 
80751 
93041 
93043 
93045 
80757 
93047 
19326 
52102 
52104 
15243 
52108 
15245 
48013 
52114 
15257 
15259 
15261 
15263 
11171 
48035 
48039 
48041 
15277 
48045 
7089 
48051 
48054 
7099 
3007 
7103 
3009 
7107 
3013 
7109 
3015 
7111 
7113 
3019 
7115 
3021 
7117 
7119 
7121 
7123 
7125 
97239 
7127 
3032 
7129 
7131 
97245 
7133 
7135 
7137 
97251 
7139 
7141 
7143 
7145 
7147 
7149 
97263 
7151 
7153 
97267 
7155 
97269 
7157 
7159 
93180 
7165 
7167 
7169 
93186 
3075 
93188 
3077 
7175 
7177 
3083 
7179 
3085 
7181 
3087 
7183 
3089 
7185 
7187 
7189 
3095 
7191 
3097 
7193 
3099 
7195 
3101 
7197 
3103 
3105 
3107 
3109 
89127 
3111 
3113 
89131 
3115 
3117 
89163 
52305 
23637 
80983 
85080 
80985 
80986 
23643 
81009 
52341 
48252 
15495 
76936 
15499 
76940 
15501 
15503 
76946 
11411 
15507 
44179 
15511 
15513 
15515 
15517 
15519 
15521 
15523 
15525 
7335 
15527 
15529 
15531 
3245 
15533 
15535 
15537 
15539 
3253 
15541 
3255 
15543 
15545 
7355 
15547 
3261 
7357 
15549 
3263 
7359 
15551 
7361 
15553 
7363 
15555 
97476 
3269 
7365 
3271 
7367 
68808 
3273 
7369 
97482 
3275 
7371 
3277 
7373 
15565 
3279 
7375 
15567 
97488 
3281 
7377 
15569 
3283 
7379 
15571 
3285 
7381 
97494 
3287 
7383 
3289 
7385 
15577 
97498 
3291 
7387 
15579 
97500 
3293 
7389 
15581 
97502 
3295 
7391 
15583 
3297 
7393 
15585 
3299 
7395 
15587 
36067 
3301 
7397 
15589 
3303 
7399 
15591 
3305 
15593 
93419 
3307 
15595 
3309 
7405 
15597 
93423 
3311 
7407 
3313 
7409 
7415 
7417 
7419 
93437 
7421 
7423 
7425 
7427 
7429 
7431 
7433 
7435 
7437 
27945 
85293 
89402 
89406 
89408 
89410 
89412 
89414 
89416 
89418 
89420 
89422 
89424 
89426 
89432 
89434 
89436 
89442 
81250 
89444 
89446 
89448 
89450 
15723 
89452 
89454 
89456 
15729 
48497 
89458 
15731 
89460 
89462 
15745 
15749 
15751 
15753 
15755 
15757 
7567 
15759 
15761 
7571 
15763 
7573 
11669 
15765 
73110 
11671 
15767 
11673 
15769 
11675 
15771 
73116 
11677 
15773 
11679 
15775 
11681 
15777 
3491 
7587 
11683 
15779 
7589 
11685 
15781 
3495 
7591 
11687 
15783 
7593 
11689 
15785 
3499 
11691 
15787 
11693 
15789 
11695 
15791 
11697 
15793 
3507 
11699 
15795 
3509 
11701 
97719 
3511 
11703 
97721 
11705 
11707 
3517 
11709 
15805 
97727 
11711 
15807 
97729 
3521 
11713 
15809 
97731 
15811 
97733 
3525 
11719 
11721 
15817 
11723 
15819 
11725 
15821 
7631 
11727 
15823 
11729 
15825 
3539 
7635 
11731 
15827 
7637 
15829 
3543 
7639 
15831 
3545 
11737 
15833 
3547 
11739 
15835 
93660 
3549 
7645 
11741 
15837 
3551 
7647 
11743 
93664 
3553 
7649 
11745 
3555 
11747 
93668 
3557 
11749 
93670 
3559 
7655 
11751 
7657 
11753 
93674 
7659 
11755 
93676 
3565 
7661 
11757 
3567 
7663 
3569 
7665 
3575 
7671 
7673 
7675 
7677 
89601 
3585 
3587 
3589 
89607 
3591 
122377 
3593 
122378 
3595 
89613 
3597 
89615 
89617 
56850 
89619 
89621 
89623 
89625 
89627 
89629 
89631 
89633 
89635 
89637 
89639 
85544 
89641 
89643 
89645 
89647 
89649 
89651 
89653 
89655 
89657 
89659 
89661 
89663 
89665 
89667 
89669 
89671 
89673 
89675 
89677 
89679 
81487 
89681 
89683 
89685 
89687 
89689 
48730 
89691 
15963 
48732 
89693 
89695 
89697 
89699 
89701 
15981 
48752 
11891 
44660 
7805 
7808 
7809 
7817 
7820 
3731 
3735 
3741 
3745 
3747 
3751 
97966 
3759 
97968 
3761 
97970 
97972 
3765 
3771 
3775 
7871 
3777 
3779 
36547 
3781 
3783 
65223 
3785 
3787 
3789 
93903 
3791 
3793 
3795 
3797 
3799 
3805 
3807 
3809 
3815 
3817 
3819 
89836 
3821 
89842 
3827 
3829 
89846 
3831 
3833 
89850 
3835 
89852 
3837 
89854 
89856 
89858 
89860 
89862 
89864 
85769 
89866 
85771 
89868 
85773 
89870 
89872 
85777 
89874 
85779 
89876 
85781 
89878 
85783 
89880 
89882 
89884 
85789 
89886 
85791 
89888 
85793 
89890 
53026 
85795 
89892 
81700 
85797 
89894 
85799 
89896 
85801 
89898 
85803 
89900 
85805 
53037 
89902 
85807 
85809 
85811 
89908 
85813 
89910 
85815 
85817 
20281 
85819 
89916 
85821 
89918 
85823 
89920 
85825 
89922 
85827 
89924 
85829 
89926 
85831 
89928 
85833 
89930 
85835 
89932 
16205 
89934 
89936 
89938 
16211 
89940 
85845 
85847 
85849 
85851 
12127 
16223 
85857 
44898 
85859 
85861 
85863 
85865 
12137 
44905 
85867 
85869 
8045 
85871 
85873 
85875 
8051 
85877 
8057 
8059 
8061 
8063 
3968 
3969 
8067 
3973 
8069 
3975 
8071 
8073 
8075 
8077 
3983 
8079 
3985 
8081 
8083 
3989 
8085 
98199 
3991 
8087 
8089 
8091 
8093 
8095 
4001 
8097 
4003 
8099 
4005 
8101 
98215 
4007 
8103 
4009 
8105 
98219 
4011 
8107 
98221 
8109 
98223 
8111 
98225 
8113 
98227 
8115 
94132 
98229 
94133 
8117 
65462 
98231 
8119 
98233 
98235 
98237 
8125 
94142 
98239 
8127 
94144 
98241 
8129 
94146 
98243 
94148 
98245 
98247 
8135 
98249 
8137 
98251 
8139 
98253 
8141 
98255 
8143 
98257 
8145 
98259 
8147 
98261 
8149 
98263 
8151 
98265 
8153 
98267 
8155 
8157 
98273 
98275 
98277 
90089 
98283 
98285 
90093 
98287 
90095 
98289 
90097 
98291 
90099 
98293 
90101 
98295 
90103 
98297 
90105 
86010 
98299 
90107 
98301 
90109 
98303 
90111 
)

// ************************************************************************* //
