/*--------------------------------*- C++ -*----------------------------------*\
  =========                 |
  \\      /  F ield         | OpenFOAM: The Open Source CFD Toolbox
   \\    /   O peration     | Website:  https://openfoam.org
    \\  /    A nd           | Version:  11
     \\/     M anipulation  |
\*---------------------------------------------------------------------------*/
FoamFile
{
    format      ascii;
    class       cellSet;
    location    "constant/polyMesh/sets";
    object      highAspectRatioCells;
}
// * * * * * * * * * * * * * * * * * * * * * * * * * * * * * * * * * * * * * //


4723
(
0 
1 
2 
3 
4 
5 
6 
7 
8 
9 
10 
11 
12 
13 
14 
15 
16 
17 
18 
8217 
8218 
8219 
8220 
8221 
8222 
8223 
8224 
8225 
8226 
8227 
8228 
8229 
8230 
8231 
8232 
8233 
8234 
8235 
16434 
16435 
16436 
16437 
16438 
16439 
16440 
16441 
16442 
16443 
16444 
16445 
16446 
16447 
16448 
16449 
16450 
16451 
16452 
99 
100 
101 
102 
103 
104 
105 
106 
107 
108 
109 
110 
111 
112 
113 
114 
115 
116 
117 
118 
8316 
8317 
8318 
8319 
8320 
8321 
8322 
8323 
8324 
8325 
8326 
8327 
8328 
8329 
8330 
8331 
8332 
8333 
8334 
16533 
16534 
16535 
16536 
16537 
16538 
16539 
16540 
16541 
16542 
16543 
16544 
16545 
16546 
16547 
16548 
16549 
16550 
16551 
198 
199 
200 
201 
202 
203 
204 
205 
206 
207 
208 
209 
210 
211 
212 
213 
214 
215 
216 
8415 
8416 
8417 
8418 
8419 
8420 
8421 
8422 
8423 
8424 
8425 
8426 
8427 
8428 
8429 
8430 
8431 
8432 
8433 
16632 
16633 
16634 
16635 
16636 
16637 
16638 
16639 
16640 
16641 
16642 
16643 
16644 
16645 
16646 
16647 
16648 
16649 
16650 
297 
298 
299 
300 
301 
302 
303 
304 
305 
306 
307 
308 
309 
310 
311 
312 
313 
314 
8514 
8515 
8516 
8517 
8518 
8519 
8520 
8521 
8522 
8523 
8524 
8525 
8526 
8527 
8528 
8529 
8530 
8531 
8532 
16731 
16732 
16733 
16734 
16735 
16736 
16737 
16738 
16739 
16740 
16741 
16742 
16743 
16744 
16745 
16746 
16747 
16748 
16749 
396 
397 
398 
399 
400 
401 
402 
403 
404 
405 
406 
407 
408 
409 
410 
411 
412 
413 
414 
8613 
8614 
8615 
8616 
8617 
8618 
8619 
8620 
8621 
8622 
8623 
8624 
8625 
8626 
8627 
8628 
8629 
8630 
8631 
16830 
16831 
16832 
16833 
16834 
16835 
16836 
16837 
16838 
16839 
16840 
16841 
16842 
16843 
16844 
16845 
16846 
16847 
16848 
495 
496 
497 
498 
499 
500 
501 
502 
503 
504 
505 
506 
507 
508 
509 
510 
511 
512 
513 
8712 
8713 
8714 
8715 
8716 
8717 
8718 
8719 
8720 
8721 
8722 
8723 
8724 
8725 
8726 
8727 
8728 
8729 
8730 
16929 
16930 
16931 
16932 
16933 
16934 
16935 
16936 
16937 
16938 
16939 
16940 
16941 
16942 
16943 
16944 
16945 
16946 
16947 
594 
595 
596 
597 
598 
599 
600 
601 
602 
603 
604 
605 
606 
607 
608 
609 
610 
611 
612 
613 
8811 
8812 
8813 
8814 
8815 
8816 
8817 
8818 
8819 
8820 
8821 
8822 
8823 
8824 
8825 
8826 
8827 
8828 
8829 
17028 
17029 
17030 
17031 
17032 
17033 
17034 
17035 
17036 
17037 
17038 
17039 
17040 
17041 
17042 
17043 
17044 
17045 
17046 
693 
694 
695 
696 
697 
698 
699 
700 
701 
702 
703 
704 
705 
706 
707 
708 
709 
710 
711 
712 
8910 
8911 
8912 
8913 
8914 
8915 
8916 
8917 
8918 
8919 
8920 
8921 
8922 
8923 
8924 
8925 
8926 
8927 
8928 
17127 
17128 
17129 
17130 
17131 
17132 
17133 
17134 
17135 
17136 
17137 
17138 
17139 
17140 
17141 
17142 
17143 
17144 
17145 
792 
793 
794 
795 
796 
797 
798 
799 
800 
801 
802 
803 
804 
805 
806 
807 
808 
809 
810 
811 
9009 
9010 
9011 
9012 
9013 
9014 
9015 
9016 
9017 
9018 
9019 
9020 
9021 
9022 
9023 
9024 
9025 
9026 
9027 
17226 
17227 
17228 
17229 
17230 
17231 
17232 
17233 
17234 
17235 
17236 
17237 
17238 
17239 
17240 
17241 
17242 
17243 
17244 
891 
892 
893 
894 
895 
896 
897 
898 
899 
900 
901 
902 
903 
904 
905 
906 
907 
908 
909 
9108 
9109 
9110 
9111 
9112 
9113 
9114 
9115 
9116 
9117 
9118 
9119 
9120 
9121 
9122 
9123 
9124 
9125 
9126 
17325 
17326 
17327 
17328 
17329 
17330 
17331 
17332 
17333 
17334 
17335 
17336 
17337 
17338 
17339 
17340 
17341 
17342 
17343 
990 
991 
992 
993 
994 
995 
996 
997 
998 
999 
1000 
1001 
1002 
1003 
1004 
1005 
1006 
1007 
1008 
9207 
9208 
9209 
9210 
9211 
9212 
9213 
9214 
9215 
9216 
9217 
9218 
9219 
9220 
9221 
9222 
9223 
9224 
9225 
17424 
17425 
17426 
17427 
17428 
17429 
17430 
17431 
17432 
17433 
17434 
17435 
17436 
17437 
17438 
17439 
17440 
17441 
17442 
1089 
1090 
1091 
1092 
1093 
1094 
1095 
1096 
1097 
1098 
1099 
1100 
1101 
1102 
1103 
1104 
1105 
1106 
1107 
9306 
9307 
9308 
9309 
9310 
9311 
9312 
9313 
9314 
9315 
9316 
9317 
9318 
9319 
9320 
9321 
9322 
9323 
9324 
17523 
17524 
17525 
17526 
17527 
17528 
17529 
17530 
17531 
17532 
17533 
17534 
17535 
17536 
17537 
17538 
17539 
17540 
17541 
1188 
1189 
1190 
1191 
1192 
1193 
1194 
1195 
1196 
1197 
1198 
1199 
1200 
1201 
1202 
1203 
1204 
1205 
1206 
9405 
9406 
9407 
9408 
9409 
9410 
9411 
9412 
9413 
9414 
9415 
9416 
9417 
9418 
9419 
9420 
9421 
9422 
9423 
17622 
17623 
17624 
17625 
17626 
17627 
17628 
17629 
17630 
17631 
17632 
17633 
17634 
17635 
17636 
17637 
17638 
17639 
17640 
1287 
1288 
1289 
1290 
1291 
1292 
1293 
1294 
1295 
1296 
1297 
1298 
1299 
1300 
1301 
1302 
1303 
1304 
1305 
9504 
9505 
9506 
9507 
9508 
9509 
9510 
9511 
9512 
9513 
9514 
9515 
9516 
9517 
9518 
9519 
9520 
9521 
9522 
17721 
17722 
17723 
17724 
17725 
17726 
17727 
17728 
17729 
17730 
17731 
17732 
17733 
17734 
17735 
17736 
17737 
17738 
17739 
1386 
1387 
1388 
1389 
1390 
1391 
1392 
1393 
1394 
1395 
1396 
1397 
1398 
1399 
1400 
1401 
1402 
1403 
1404 
9603 
9604 
9605 
9606 
9607 
9608 
9609 
9610 
9611 
9612 
9613 
9614 
9615 
9616 
9617 
9618 
9619 
9620 
9621 
17820 
17821 
17822 
17823 
17824 
17825 
17826 
17827 
17828 
17829 
17830 
17831 
17832 
17833 
17834 
17835 
17836 
17837 
17838 
1485 
1486 
1487 
1488 
1489 
1490 
1491 
1492 
1493 
1494 
1495 
1496 
1497 
1498 
1499 
1500 
1501 
1502 
1503 
9702 
9703 
9704 
9705 
9706 
9707 
9708 
9709 
9710 
9711 
9712 
9713 
9714 
9715 
9716 
9717 
9718 
9719 
9720 
17919 
17920 
17921 
17922 
17923 
17924 
17925 
17926 
17927 
17928 
17929 
17930 
17931 
17932 
17933 
17934 
17935 
17936 
17937 
1584 
1585 
1586 
1587 
1588 
1589 
1590 
1591 
1592 
1593 
1594 
1595 
1596 
1597 
1598 
1599 
1600 
1601 
1602 
9801 
9802 
9803 
9804 
9805 
9806 
9807 
9808 
9809 
9810 
9811 
9812 
9813 
9814 
9815 
9816 
9817 
9818 
9819 
18018 
18019 
18020 
18021 
18022 
18023 
18024 
18025 
18026 
18027 
18028 
18029 
18030 
18031 
18032 
18033 
18034 
18035 
18036 
1683 
1684 
1685 
1686 
1687 
1688 
1689 
1690 
1691 
1692 
1693 
1694 
1695 
1696 
1697 
1698 
1699 
1700 
1701 
9900 
9901 
9902 
9903 
9904 
9905 
9906 
9907 
9908 
9909 
9910 
9911 
9912 
9913 
9914 
9915 
9916 
9917 
9918 
18117 
18118 
18119 
18120 
18121 
18122 
18123 
18124 
18125 
18126 
18127 
18128 
18129 
18130 
18131 
18132 
18133 
18134 
18135 
1782 
1783 
1784 
1785 
1786 
1787 
1788 
1789 
1790 
1791 
1792 
1793 
1794 
1795 
1796 
1797 
1798 
1799 
1800 
9999 
10000 
10001 
10002 
10003 
10004 
10005 
10006 
10007 
10008 
10009 
10010 
10011 
10012 
10013 
10014 
10015 
10016 
10017 
18216 
18217 
18218 
18219 
18220 
18221 
18222 
18223 
18224 
18225 
18226 
18227 
18228 
18229 
18230 
18231 
18232 
18233 
18234 
1881 
1882 
1883 
1884 
1885 
1886 
1887 
1888 
1889 
1890 
1891 
1892 
1893 
1894 
1895 
1896 
1897 
1898 
1899 
10098 
10099 
10100 
10101 
10102 
10103 
10104 
10105 
10106 
10107 
10108 
10109 
10110 
10111 
10112 
10113 
10114 
10115 
10116 
18315 
18316 
18317 
18318 
18319 
18320 
18321 
18322 
18323 
18324 
18325 
18326 
18327 
18328 
18329 
18330 
18331 
18332 
18333 
1980 
1981 
1982 
1983 
1984 
1985 
1986 
1987 
1988 
1989 
1990 
1991 
1992 
1993 
1994 
1995 
1996 
1997 
1998 
10197 
10198 
10199 
10200 
10201 
10202 
10203 
10204 
10205 
10206 
10207 
10208 
10209 
10210 
10211 
10212 
10213 
10214 
10215 
18414 
18415 
18416 
18417 
18418 
18419 
18420 
18421 
18422 
18423 
18424 
18425 
18426 
18427 
18428 
18429 
18430 
18431 
18432 
2079 
2080 
2081 
2082 
2083 
2084 
2085 
2086 
2087 
2088 
2089 
2090 
2091 
2092 
2093 
2094 
2095 
2096 
2097 
10296 
10297 
10298 
10299 
10300 
10301 
10302 
10303 
10304 
10305 
10306 
10307 
10308 
10309 
10310 
10311 
10312 
10313 
10314 
18513 
18514 
18515 
18516 
18517 
18518 
18519 
18520 
18521 
18522 
18523 
18524 
18525 
18526 
18527 
18528 
18529 
18530 
18531 
2178 
2179 
2180 
2181 
2182 
2183 
2184 
2185 
2186 
2187 
2188 
2189 
2190 
2191 
2192 
2193 
2194 
2195 
2196 
10395 
10396 
10397 
10398 
10399 
10400 
10401 
10402 
10403 
10404 
10405 
10406 
10407 
10408 
10409 
10410 
10411 
10412 
10413 
18612 
18613 
18614 
18615 
18616 
18617 
18618 
18619 
18620 
18621 
18622 
18623 
18624 
18625 
18626 
18627 
18628 
18629 
18630 
2277 
2278 
2279 
2280 
2281 
2282 
2283 
2284 
2285 
2286 
2287 
2288 
2289 
2290 
2291 
2292 
2293 
2294 
2295 
10494 
10495 
10496 
10497 
10498 
10499 
10500 
10501 
10502 
10503 
10504 
10505 
10506 
10507 
10508 
10509 
10510 
10511 
10512 
18711 
18712 
18713 
18714 
18715 
18716 
18717 
18718 
18719 
18720 
18721 
18722 
18723 
18724 
18725 
18726 
18727 
18728 
18729 
2376 
2377 
2378 
2379 
2380 
2381 
2382 
2383 
2384 
2385 
2386 
2387 
2388 
2389 
2390 
2391 
2392 
2393 
2394 
10593 
10594 
10595 
10596 
10597 
10598 
10599 
10600 
10601 
10602 
10603 
10604 
10605 
10606 
10607 
10608 
10609 
10610 
10611 
18810 
18811 
18812 
18813 
18814 
18815 
18816 
18817 
18818 
18819 
18820 
18821 
18822 
18823 
18824 
18825 
18826 
18827 
18828 
2475 
2476 
2477 
2478 
2479 
2480 
2481 
2482 
2483 
2484 
2485 
2486 
2487 
2488 
2489 
2490 
2491 
2492 
2493 
10692 
10693 
10694 
10695 
10696 
10697 
10698 
10699 
10700 
10701 
10702 
10703 
10704 
10705 
10706 
10707 
10708 
10709 
10710 
18909 
18910 
18911 
18912 
18913 
18914 
18915 
18916 
18917 
18918 
18919 
18920 
18921 
18922 
18923 
18924 
18925 
18926 
18927 
2574 
2575 
2576 
2577 
2578 
2579 
2580 
2581 
2582 
2583 
2584 
2585 
2586 
2587 
2588 
2589 
2590 
2591 
2592 
10791 
10792 
10793 
10794 
10795 
10796 
10797 
10798 
10799 
10800 
10801 
10802 
10803 
10804 
10805 
10806 
10807 
10808 
10809 
19008 
19009 
19010 
19011 
19012 
19013 
19014 
19015 
19016 
19017 
19018 
19019 
19020 
19021 
19022 
19023 
19024 
19025 
19026 
2673 
2674 
2675 
2676 
2677 
2678 
2679 
2680 
2681 
2682 
2683 
2684 
2685 
2686 
2687 
2688 
2689 
2690 
2691 
10890 
10891 
10892 
10893 
10894 
10895 
10896 
10897 
10898 
10899 
10900 
10901 
10902 
10903 
10904 
10905 
10906 
10907 
10908 
19107 
19108 
19109 
19110 
19111 
19112 
19113 
19114 
19115 
19116 
19117 
19118 
19119 
19120 
19121 
19122 
19123 
19124 
19125 
2772 
2773 
2774 
2775 
2776 
2777 
2778 
2779 
2780 
2781 
2782 
2783 
2784 
2785 
2786 
2787 
2788 
2789 
2790 
10989 
10990 
10991 
10992 
10993 
10994 
10995 
10996 
10997 
10998 
10999 
11000 
11001 
11002 
11003 
11004 
11005 
11006 
11007 
19206 
19207 
19208 
19209 
19210 
19211 
19212 
19213 
19214 
19215 
19216 
19217 
19218 
19219 
19220 
19221 
19222 
19223 
19224 
2871 
2872 
2873 
2874 
2875 
2876 
2877 
2878 
2879 
2880 
2881 
2882 
2883 
2884 
2885 
2886 
2887 
2888 
2889 
11088 
11089 
11090 
11091 
11092 
11093 
11094 
11095 
11096 
11097 
11098 
11099 
11100 
11101 
11102 
11103 
11104 
11105 
11106 
19305 
19306 
19307 
19308 
19309 
19310 
19311 
19312 
19313 
19314 
19315 
19316 
19317 
19318 
19319 
19320 
19321 
19322 
19323 
2970 
2971 
2972 
2973 
2974 
2975 
2976 
2977 
2978 
2979 
2980 
2981 
2982 
2983 
2984 
2985 
2986 
2987 
2988 
11187 
11188 
11189 
11190 
11191 
11192 
11193 
11194 
11195 
11196 
11197 
11198 
11199 
11200 
11201 
11202 
11203 
11204 
11205 
19404 
19405 
19406 
19407 
19408 
19409 
19410 
19411 
19412 
19413 
19414 
19415 
19416 
19417 
19418 
19419 
19420 
19421 
19422 
3069 
3070 
3071 
3072 
3073 
3074 
3075 
3076 
3077 
3078 
3079 
3080 
3081 
3082 
3083 
3084 
3085 
3086 
3087 
11286 
11287 
11288 
11289 
11290 
11291 
11292 
11293 
11294 
11295 
11296 
11297 
11298 
11299 
11300 
11301 
11302 
11303 
11304 
19503 
19504 
19505 
19506 
19507 
19508 
19509 
19510 
19511 
19512 
19513 
19514 
19515 
19516 
19517 
19518 
19519 
19520 
19521 
3168 
3169 
3170 
3171 
3172 
3173 
3174 
3175 
3176 
3177 
3178 
3179 
3180 
3181 
3182 
3183 
3184 
3185 
3186 
11385 
11386 
11387 
11388 
11389 
11390 
11391 
11392 
11393 
11394 
11395 
11396 
11397 
11398 
11399 
11400 
11401 
11402 
11403 
19602 
19603 
19604 
19605 
19606 
19607 
19608 
19609 
19610 
19611 
19612 
19613 
19614 
19615 
19616 
19617 
19618 
19619 
19620 
3267 
3268 
3269 
3270 
3271 
3272 
3273 
3274 
3275 
3276 
3277 
3278 
3279 
3280 
3281 
3282 
3283 
3284 
3285 
11484 
11485 
11486 
11487 
11488 
11489 
11490 
11491 
11492 
11493 
11494 
11495 
11496 
11497 
11498 
11499 
11500 
11501 
11502 
19701 
19702 
19703 
19704 
19705 
19706 
19707 
19708 
19709 
19710 
19711 
19712 
19713 
19714 
19715 
19716 
19717 
19718 
19719 
3366 
3367 
3368 
3369 
3370 
3371 
3372 
3373 
3374 
3375 
3376 
3377 
3378 
3379 
3380 
3381 
3382 
3383 
3384 
11583 
11584 
11585 
11586 
11587 
11588 
11589 
11590 
11591 
11592 
11593 
11594 
11595 
11596 
11597 
11598 
11599 
11600 
11601 
19800 
19801 
19802 
19803 
19804 
19805 
19806 
19807 
19808 
19809 
19810 
19811 
19812 
19813 
19814 
19815 
19816 
19817 
19818 
3465 
3466 
3467 
3468 
3469 
3470 
3471 
3472 
3473 
3474 
3475 
3476 
3477 
3478 
3479 
3480 
3481 
3482 
3483 
11682 
11683 
11684 
11685 
11686 
11687 
11688 
11689 
11690 
11691 
11692 
11693 
11694 
11695 
11696 
11697 
11698 
11699 
19899 
19900 
19901 
19902 
19903 
19904 
19905 
19906 
19907 
19908 
19909 
19910 
19911 
19912 
19913 
19914 
19915 
19916 
19917 
3564 
3565 
3566 
3567 
3568 
3569 
3570 
3571 
3572 
3573 
3574 
3575 
3576 
3577 
3578 
3579 
3580 
3581 
3582 
11781 
11782 
11783 
11784 
11785 
11786 
11787 
11788 
11789 
11790 
11791 
11792 
11793 
11794 
11795 
11796 
11797 
11798 
19998 
19999 
20000 
20001 
20002 
20003 
20004 
20005 
20006 
20007 
20008 
20009 
20010 
20011 
20012 
20013 
20014 
20015 
20016 
3663 
3664 
3665 
3666 
3667 
3668 
3669 
3670 
3671 
3672 
3673 
3674 
3675 
3676 
3677 
3678 
3679 
3680 
3681 
11880 
11881 
11882 
11883 
11884 
11885 
11886 
11887 
11888 
11889 
11890 
11891 
11892 
11893 
11894 
11895 
11896 
20097 
20098 
20099 
20100 
20101 
20102 
20103 
20104 
20105 
20106 
20107 
20108 
20109 
20110 
20111 
20112 
20113 
20114 
20115 
3762 
3763 
3764 
3765 
3766 
3767 
3768 
3769 
3770 
3771 
3772 
3773 
3774 
3775 
3776 
3777 
3778 
3779 
3780 
11979 
11980 
11981 
11982 
11983 
11984 
11985 
11986 
11987 
11988 
11989 
11990 
11991 
11992 
11993 
11994 
11995 
20196 
20197 
20198 
20199 
20200 
20201 
20202 
20203 
20204 
20205 
20206 
20207 
20208 
20209 
20210 
20211 
20212 
20213 
20214 
3861 
3862 
3863 
3864 
3865 
3866 
3867 
3868 
3869 
3870 
3871 
3872 
3873 
3874 
3875 
3876 
3877 
3878 
3879 
12078 
12079 
12080 
12081 
12082 
12083 
12084 
12085 
12086 
12087 
12088 
12089 
12090 
12091 
12092 
12093 
12094 
12095 
20295 
20296 
20297 
20298 
20299 
20300 
20301 
20302 
20303 
20304 
20305 
20306 
20307 
20308 
20309 
20310 
20311 
20312 
20313 
3960 
3961 
3962 
3963 
3964 
3965 
3966 
3967 
3968 
3969 
3970 
3971 
3972 
3973 
3974 
3975 
3976 
3977 
3978 
12177 
12178 
12179 
12180 
12181 
12182 
12183 
12184 
12185 
12186 
12187 
12188 
12189 
12190 
12191 
12192 
12193 
12194 
12195 
20394 
20395 
20396 
20397 
20398 
20399 
20400 
20401 
20402 
20403 
20404 
20405 
20406 
20407 
20408 
20409 
20410 
20411 
20412 
4059 
4060 
4061 
4062 
4063 
4064 
4065 
4066 
4067 
4068 
4069 
4070 
4071 
4072 
4073 
4074 
4075 
4076 
4077 
12276 
12277 
12278 
12279 
12280 
12281 
12282 
12283 
12284 
12285 
12286 
12287 
12288 
12289 
12290 
12291 
12292 
12293 
12294 
20493 
20494 
20495 
20496 
20497 
20498 
20499 
20500 
20501 
20502 
20503 
20504 
20505 
20506 
20507 
20508 
20509 
20510 
20511 
4158 
4159 
4160 
4161 
4162 
4163 
4164 
4165 
4166 
4167 
4168 
4169 
4170 
4171 
4172 
4173 
4174 
4175 
4176 
12375 
12376 
12377 
12378 
12379 
12380 
12381 
12382 
12383 
12384 
12385 
12386 
12387 
12388 
12389 
12390 
12391 
12392 
12393 
20592 
20593 
20594 
20595 
20596 
20597 
20598 
20599 
20600 
20601 
20602 
20603 
20604 
20605 
20606 
20607 
20608 
20609 
20610 
4257 
4258 
4259 
4260 
4261 
4262 
4263 
4264 
4265 
4266 
4267 
4268 
4269 
4270 
4271 
4272 
4273 
4274 
4275 
12474 
12475 
12476 
12477 
12478 
12479 
12480 
12481 
12482 
12483 
12484 
12485 
12486 
12487 
12488 
12489 
12490 
12491 
20691 
20692 
20693 
20694 
20695 
20696 
20697 
20698 
20699 
20700 
20701 
20702 
20703 
20704 
20705 
20706 
20707 
20708 
20709 
4356 
4357 
4358 
4359 
4360 
4361 
4362 
4363 
4364 
4365 
4366 
4367 
4368 
4369 
4370 
4371 
4372 
4373 
4374 
12573 
12574 
12575 
12576 
12577 
12578 
12579 
12580 
12581 
12582 
12583 
12584 
12585 
12586 
12587 
12588 
12589 
20790 
20791 
20792 
20793 
20794 
20795 
20796 
20797 
20798 
20799 
20800 
20801 
20802 
20803 
20804 
20805 
20806 
20807 
20808 
4455 
4456 
4457 
4458 
4459 
4460 
4461 
4462 
4463 
4464 
4465 
4466 
4467 
4468 
4469 
4470 
4471 
4472 
4473 
12672 
12673 
12674 
12675 
12676 
12677 
12678 
12679 
12680 
12681 
12682 
12683 
12684 
12685 
12686 
12687 
12688 
20889 
20890 
20891 
20892 
20893 
20894 
20895 
20896 
20897 
20898 
20899 
20900 
20901 
20902 
20903 
20904 
20905 
20906 
20907 
4554 
4555 
4556 
4557 
4558 
4559 
4560 
4561 
4562 
4563 
4564 
4565 
4566 
4567 
4568 
4569 
4570 
4571 
4572 
12771 
12772 
12773 
12774 
12775 
12776 
12777 
12778 
12779 
12780 
12781 
12782 
12783 
12784 
12785 
12786 
12787 
12788 
20988 
20989 
20990 
20991 
20992 
20993 
20994 
20995 
20996 
20997 
20998 
20999 
21000 
21001 
21002 
21003 
21004 
21005 
21006 
4653 
4654 
4655 
4656 
4657 
4658 
4659 
4660 
4661 
4662 
4663 
4664 
4665 
4666 
4667 
4668 
4669 
4670 
4671 
12870 
12871 
12872 
12873 
12874 
12875 
12876 
12877 
12878 
12879 
12880 
12881 
12882 
12883 
12884 
12885 
12886 
12887 
21087 
21088 
21089 
21090 
21091 
21092 
21093 
21094 
21095 
21096 
21097 
21098 
21099 
21100 
21101 
21102 
21103 
21104 
21105 
4752 
4753 
4754 
4755 
4756 
4757 
4758 
4759 
4760 
4761 
4762 
4763 
4764 
4765 
4766 
4767 
4768 
4769 
4770 
12969 
12970 
12971 
12972 
12973 
12974 
12975 
12976 
12977 
12978 
12979 
12980 
12981 
12982 
12983 
12984 
12985 
12986 
12987 
21186 
21187 
21188 
21189 
21190 
21191 
21192 
21193 
21194 
21195 
21196 
21197 
21198 
21199 
21200 
21201 
21202 
21203 
21204 
4851 
4852 
4853 
4854 
4855 
4856 
4857 
4858 
4859 
4860 
4861 
4862 
4863 
4864 
4865 
4866 
4867 
4868 
4869 
13068 
13069 
13070 
13071 
13072 
13073 
13074 
13075 
13076 
13077 
13078 
13079 
13080 
13081 
13082 
13083 
13084 
13085 
13086 
21285 
21286 
21287 
21288 
21289 
21290 
21291 
21292 
21293 
21294 
21295 
21296 
21297 
21298 
21299 
21300 
21301 
21302 
21303 
4950 
4951 
4952 
4953 
4954 
4955 
4956 
4957 
4958 
4959 
4960 
4961 
4962 
4963 
4964 
4965 
4966 
4967 
4968 
13167 
13168 
13169 
13170 
13171 
13172 
13173 
13174 
13175 
13176 
13177 
13178 
13179 
13180 
13181 
13182 
13183 
13184 
13185 
21384 
21385 
21386 
21387 
21388 
21389 
21390 
21391 
21392 
21393 
21394 
21395 
21396 
21397 
21398 
21399 
21400 
21401 
21402 
5049 
5050 
5051 
5052 
5053 
5054 
5055 
5056 
5057 
5058 
5059 
5060 
5061 
5062 
5063 
5064 
5065 
5066 
5067 
13266 
13267 
13268 
13269 
13270 
13271 
13272 
13273 
13274 
13275 
13276 
13277 
13278 
13279 
13280 
13281 
13282 
13283 
13284 
21483 
21484 
21485 
21486 
21487 
21488 
21489 
21490 
21491 
21492 
21493 
21494 
21495 
21496 
21497 
21498 
21499 
21500 
21501 
5148 
5149 
5150 
5151 
5152 
5153 
5154 
5155 
5156 
5157 
5158 
5159 
5160 
5161 
5162 
5163 
5164 
5165 
5166 
13365 
13366 
13367 
13368 
13369 
13370 
13371 
13372 
13373 
13374 
13375 
13376 
13377 
13378 
13379 
13380 
13381 
13382 
13383 
21582 
21583 
21584 
21585 
21586 
21587 
21588 
21589 
21590 
21591 
21592 
21593 
21594 
21595 
21596 
21597 
21598 
21599 
21600 
5247 
5248 
5249 
5250 
5251 
5252 
5253 
5254 
5255 
5256 
5257 
5258 
5259 
5260 
5261 
5262 
5263 
5264 
5265 
13464 
13465 
13466 
13467 
13468 
13469 
13470 
13471 
13472 
13473 
13474 
13475 
13476 
13477 
13478 
13479 
13480 
13481 
13482 
21681 
21682 
21683 
21684 
21685 
21686 
21687 
21688 
21689 
21690 
21691 
21692 
21693 
21694 
21695 
21696 
21697 
21698 
21699 
5346 
5347 
5348 
5349 
5350 
5351 
5352 
5353 
5354 
5355 
5356 
5357 
5358 
5359 
5360 
5361 
5362 
5363 
5364 
13563 
13564 
13565 
13566 
13567 
13568 
13569 
13570 
13571 
13572 
13573 
13574 
13575 
13576 
13577 
13578 
13579 
13580 
13581 
21780 
21781 
21782 
21783 
21784 
21785 
21786 
21787 
21788 
21789 
21790 
21791 
21792 
21793 
21794 
21795 
21796 
21797 
21798 
5445 
5446 
5447 
5448 
5449 
5450 
5451 
5452 
5453 
5454 
5455 
5456 
5457 
5458 
5459 
5460 
5461 
5462 
5463 
13662 
13663 
13664 
13665 
13666 
13667 
13668 
13669 
13670 
13671 
13672 
13673 
13674 
13675 
13676 
13677 
13678 
13679 
13680 
21879 
21880 
21881 
21882 
21883 
21884 
21885 
21886 
21887 
21888 
21889 
21890 
21891 
21892 
21893 
21894 
21895 
21896 
21897 
5544 
5545 
5546 
5547 
5548 
5549 
5550 
5551 
5552 
5553 
5554 
5555 
5556 
5557 
5558 
5559 
5560 
5561 
5562 
13761 
13762 
13763 
13764 
13765 
13766 
13767 
13768 
13769 
13770 
13771 
13772 
13773 
13774 
13775 
13776 
13777 
13778 
13779 
21978 
21979 
21980 
21981 
21982 
21983 
21984 
21985 
21986 
21987 
21988 
21989 
21990 
21991 
21992 
21993 
21994 
21995 
21996 
5643 
5644 
5645 
5646 
5647 
5648 
5649 
5650 
5651 
5652 
5653 
5654 
5655 
5656 
5657 
5658 
5659 
5660 
5661 
13860 
13861 
13862 
13863 
13864 
13865 
13866 
13867 
13868 
13869 
13870 
13871 
13872 
13873 
13874 
13875 
13876 
13877 
13878 
22077 
22078 
22079 
22080 
22081 
22082 
22083 
22084 
22085 
22086 
22087 
22088 
22089 
22090 
22091 
22092 
22093 
22094 
22095 
5742 
5743 
5744 
5745 
5746 
5747 
5748 
5749 
5750 
5751 
5752 
5753 
5754 
5755 
5756 
5757 
5758 
5759 
5760 
13959 
13960 
13961 
13962 
13963 
13964 
13965 
13966 
13967 
13968 
13969 
13970 
13971 
13972 
13973 
13974 
13975 
13976 
13977 
22176 
22177 
22178 
22179 
22180 
22181 
22182 
22183 
22184 
22185 
22186 
22187 
22188 
22189 
22190 
22191 
22192 
22193 
22194 
5841 
5842 
5843 
5844 
5845 
5846 
5847 
5848 
5849 
5850 
5851 
5852 
5853 
5854 
5855 
5856 
5857 
5858 
5859 
14058 
14059 
14060 
14061 
14062 
14063 
14064 
14065 
14066 
14067 
14068 
14069 
14070 
14071 
14072 
14073 
14074 
14075 
14076 
22275 
22276 
22277 
22278 
22279 
22280 
22281 
22282 
22283 
22284 
22285 
22286 
22287 
22288 
22289 
22290 
22291 
22292 
22293 
5940 
5941 
5942 
5943 
5944 
5945 
5946 
5947 
5948 
5949 
5950 
5951 
5952 
5953 
5954 
5955 
5956 
5957 
5958 
14157 
14158 
14159 
14160 
14161 
14162 
14163 
14164 
14165 
14166 
14167 
14168 
14169 
14170 
14171 
14172 
14173 
14174 
14175 
22374 
22375 
22376 
22377 
22378 
22379 
22380 
22381 
22382 
22383 
22384 
22385 
22386 
22387 
22388 
22389 
22390 
22391 
22392 
6039 
6040 
6041 
6042 
6043 
6044 
6045 
6046 
6047 
6048 
6049 
6050 
6051 
6052 
6053 
6054 
6055 
6056 
6057 
14256 
14257 
14258 
14259 
14260 
14261 
14262 
14263 
14264 
14265 
14266 
14267 
14268 
14269 
14270 
14271 
14272 
14273 
14274 
22473 
22474 
22475 
22476 
22477 
22478 
22479 
22480 
22481 
22482 
22483 
22484 
22485 
22486 
22487 
22488 
22489 
22490 
22491 
6138 
6139 
6140 
6141 
6142 
6143 
6144 
6145 
6146 
6147 
6148 
6149 
6150 
6151 
6152 
6153 
6154 
6155 
6156 
14355 
14356 
14357 
14358 
14359 
14360 
14361 
14362 
14363 
14364 
14365 
14366 
14367 
14368 
14369 
14370 
14371 
14372 
14373 
22572 
22573 
22574 
22575 
22576 
22577 
22578 
22579 
22580 
22581 
22582 
22583 
22584 
22585 
22586 
22587 
22588 
22589 
22590 
6237 
6238 
6239 
6240 
6241 
6242 
6243 
6244 
6245 
6246 
6247 
6248 
6249 
6250 
6251 
6252 
6253 
6254 
6255 
14454 
14455 
14456 
14457 
14458 
14459 
14460 
14461 
14462 
14463 
14464 
14465 
14466 
14467 
14468 
14469 
14470 
14471 
14472 
22671 
22672 
22673 
22674 
22675 
22676 
22677 
22678 
22679 
22680 
22681 
22682 
22683 
22684 
22685 
22686 
22687 
22688 
22689 
6336 
6337 
6338 
6339 
6340 
6341 
6342 
6343 
6344 
6345 
6346 
6347 
6348 
6349 
6350 
6351 
6352 
6353 
6354 
14553 
14554 
14555 
14556 
14557 
14558 
14559 
14560 
14561 
14562 
14563 
14564 
14565 
14566 
14567 
14568 
14569 
14570 
14571 
22770 
22771 
22772 
22773 
22774 
22775 
22776 
22777 
22778 
22779 
22780 
22781 
22782 
22783 
22784 
22785 
22786 
22787 
22788 
6435 
6436 
6437 
6438 
6439 
6440 
6441 
6442 
6443 
6444 
6445 
6446 
6447 
6448 
6449 
6450 
6451 
6452 
6453 
14652 
14653 
14654 
14655 
14656 
14657 
14658 
14659 
14660 
14661 
14662 
14663 
14664 
14665 
14666 
14667 
14668 
14669 
14670 
22869 
22870 
22871 
22872 
22873 
22874 
22875 
22876 
22877 
22878 
22879 
22880 
22881 
22882 
22883 
22884 
22885 
22886 
22887 
6534 
6535 
6536 
6537 
6538 
6539 
6540 
6541 
6542 
6543 
6544 
6545 
6546 
6547 
6548 
6549 
6550 
6551 
6552 
14751 
14752 
14753 
14754 
14755 
14756 
14757 
14758 
14759 
14760 
14761 
14762 
14763 
14764 
14765 
14766 
14767 
14768 
14769 
22968 
22969 
22970 
22971 
22972 
22973 
22974 
22975 
22976 
22977 
22978 
22979 
22980 
22981 
22982 
22983 
22984 
22985 
22986 
6633 
6634 
6635 
6636 
6637 
6638 
6639 
6640 
6641 
6642 
6643 
6644 
6645 
6646 
6647 
6648 
6649 
6650 
6651 
14850 
14851 
14852 
14853 
14854 
14855 
14856 
14857 
14858 
14859 
14860 
14861 
14862 
14863 
14864 
14865 
14866 
14867 
14868 
23067 
23068 
23069 
23070 
23071 
23072 
23073 
23074 
23075 
23076 
23077 
23078 
23079 
23080 
23081 
23082 
23083 
23084 
23085 
6732 
6733 
6734 
6735 
6736 
6737 
6738 
6739 
6740 
6741 
6742 
6743 
6744 
6745 
6746 
6747 
6748 
6749 
6750 
14949 
14950 
14951 
14952 
14953 
14954 
14955 
14956 
14957 
14958 
14959 
14960 
14961 
14962 
14963 
14964 
14965 
14966 
14967 
23166 
23167 
23168 
23169 
23170 
23171 
23172 
23173 
23174 
23175 
23176 
23177 
23178 
23179 
23180 
23181 
23182 
23183 
23184 
6831 
6832 
6833 
6834 
6835 
6836 
6837 
6838 
6839 
6840 
6841 
6842 
6843 
6844 
6845 
6846 
6847 
6848 
6849 
15048 
15049 
15050 
15051 
15052 
15053 
15054 
15055 
15056 
15057 
15058 
15059 
15060 
15061 
15062 
15063 
15064 
15065 
15066 
23265 
23266 
23267 
23268 
23269 
23270 
23271 
23272 
23273 
23274 
23275 
23276 
23277 
23278 
23279 
23280 
23281 
23282 
23283 
6930 
6931 
6932 
6933 
6934 
6935 
6936 
6937 
6938 
6939 
6940 
6941 
6942 
6943 
6944 
6945 
6946 
6947 
6948 
15147 
15148 
15149 
15150 
15151 
15152 
15153 
15154 
15155 
15156 
15157 
15158 
15159 
15160 
15161 
15162 
15163 
15164 
15165 
23364 
23365 
23366 
23367 
23368 
23369 
23370 
23371 
23372 
23373 
23374 
23375 
23376 
23377 
23378 
23379 
23380 
23381 
23382 
7029 
7030 
7031 
7032 
7033 
7034 
7035 
7036 
7037 
7038 
7039 
7040 
7041 
7042 
7043 
7044 
7045 
7046 
7047 
15246 
15247 
15248 
15249 
15250 
15251 
15252 
15253 
15254 
15255 
15256 
15257 
15258 
15259 
15260 
15261 
15262 
15263 
15264 
23463 
23464 
23465 
23466 
23467 
23468 
23469 
23470 
23471 
23472 
23473 
23474 
23475 
23476 
23477 
23478 
23479 
23480 
23481 
7128 
7129 
7130 
7131 
7132 
7133 
7134 
7135 
7136 
7137 
7138 
7139 
7140 
7141 
7142 
7143 
7144 
7145 
7146 
15345 
15346 
15347 
15348 
15349 
15350 
15351 
15352 
15353 
15354 
15355 
15356 
15357 
15358 
15359 
15360 
15361 
15362 
15363 
23562 
23563 
23564 
23565 
23566 
23567 
23568 
23569 
23570 
23571 
23572 
23573 
23574 
23575 
23576 
23577 
23578 
23579 
23580 
7227 
7228 
7229 
7230 
7231 
7232 
7233 
7234 
7235 
7236 
7237 
7238 
7239 
7240 
7241 
7242 
7243 
7244 
7245 
15444 
15445 
15446 
15447 
15448 
15449 
15450 
15451 
15452 
15453 
15454 
15455 
15456 
15457 
15458 
15459 
15460 
15461 
15462 
23661 
23662 
23663 
23664 
23665 
23666 
23667 
23668 
23669 
23670 
23671 
23672 
23673 
23674 
23675 
23676 
23677 
23678 
23679 
7326 
7327 
7328 
7329 
7330 
7331 
7332 
7333 
7334 
7335 
7336 
7337 
7338 
7339 
7340 
7341 
7342 
7343 
7344 
15543 
15544 
15545 
15546 
15547 
15548 
15549 
15550 
15551 
15552 
15553 
15554 
15555 
15556 
15557 
15558 
15559 
15560 
15561 
23760 
23761 
23762 
23763 
23764 
23765 
23766 
23767 
23768 
23769 
23770 
23771 
23772 
23773 
23774 
23775 
23776 
23777 
23778 
23779 
7425 
7426 
7427 
7428 
7429 
7430 
7431 
7432 
7433 
7434 
7435 
7436 
7437 
7438 
7439 
7440 
7441 
7442 
7443 
15642 
15643 
15644 
15645 
15646 
15647 
15648 
15649 
15650 
15651 
15652 
15653 
15654 
15655 
15656 
15657 
15658 
15659 
15660 
23859 
23860 
23861 
23862 
23863 
23864 
23865 
23866 
23867 
23868 
23869 
23870 
23871 
23872 
23873 
23874 
23875 
23876 
23877 
23878 
7524 
7525 
7526 
7527 
7528 
7529 
7530 
7531 
7532 
7533 
7534 
7535 
7536 
7537 
7538 
7539 
7540 
7541 
7542 
15741 
15742 
15743 
15744 
15745 
15746 
15747 
15748 
15749 
15750 
15751 
15752 
15753 
15754 
15755 
15756 
15757 
15758 
15759 
23958 
23959 
23960 
23961 
23962 
23963 
23964 
23965 
23966 
23967 
23968 
23969 
23970 
23971 
23972 
23973 
23974 
23975 
23976 
23977 
7623 
7624 
7625 
7626 
7627 
7628 
7629 
7630 
7631 
7632 
7633 
7634 
7635 
7636 
7637 
7638 
7639 
7640 
7641 
15840 
15841 
15842 
15843 
15844 
15845 
15846 
15847 
15848 
15849 
15850 
15851 
15852 
15853 
15854 
15855 
15856 
15857 
15858 
24057 
24058 
24059 
24060 
24061 
24062 
24063 
24064 
24065 
24066 
24067 
24068 
24069 
24070 
24071 
24072 
24073 
24074 
24075 
7722 
7723 
7724 
7725 
7726 
7727 
7728 
7729 
7730 
7731 
7732 
7733 
7734 
7735 
7736 
7737 
7738 
7739 
7740 
15939 
15940 
15941 
15942 
15943 
15944 
15945 
15946 
15947 
15948 
15949 
15950 
15951 
15952 
15953 
15954 
15955 
15956 
15957 
24156 
24157 
24158 
24159 
24160 
24161 
24162 
24163 
24164 
24165 
24166 
24167 
24168 
24169 
24170 
24171 
24172 
24173 
24174 
7821 
7822 
7823 
7824 
7825 
7826 
7827 
7828 
7829 
7830 
7831 
7832 
7833 
7834 
7835 
7836 
7837 
7838 
7839 
16038 
16039 
16040 
16041 
16042 
16043 
16044 
16045 
16046 
16047 
16048 
16049 
16050 
16051 
16052 
16053 
16054 
16055 
16056 
24255 
24256 
24257 
24258 
24259 
24260 
24261 
24262 
24263 
24264 
24265 
24266 
24267 
24268 
24269 
24270 
24271 
24272 
7920 
7921 
7922 
7923 
7924 
7925 
7926 
7927 
7928 
7929 
7930 
7931 
7932 
7933 
7934 
7935 
7936 
7937 
7938 
16137 
16138 
16139 
16140 
16141 
16142 
16143 
16144 
16145 
16146 
16147 
16148 
16149 
16150 
16151 
16152 
16153 
16154 
16155 
24354 
24355 
24356 
24357 
24358 
24359 
24360 
24361 
24362 
24363 
24364 
24365 
24366 
24367 
24368 
24369 
24370 
24371 
24372 
8019 
8020 
8021 
8022 
8023 
8024 
8025 
8026 
8027 
8028 
8029 
8030 
8031 
8032 
8033 
8034 
8035 
8036 
8037 
16236 
16237 
16238 
16239 
16240 
16241 
16242 
16243 
16244 
16245 
16246 
16247 
16248 
16249 
16250 
16251 
16252 
16253 
16254 
24453 
24454 
24455 
24456 
24457 
24458 
24459 
24460 
24461 
24462 
24463 
24464 
24465 
24466 
24467 
24468 
24469 
24470 
24471 
24472 
8118 
8119 
8120 
8121 
8122 
8123 
8124 
8125 
8126 
8127 
8128 
8129 
8130 
8131 
8132 
8133 
8134 
8135 
8136 
16335 
16336 
16337 
16338 
16339 
16340 
16341 
16342 
16343 
16344 
16345 
16346 
16347 
16348 
16349 
16350 
16351 
16352 
16353 
24552 
24553 
24554 
24555 
24556 
24557 
24558 
24559 
24560 
24561 
24562 
24563 
24564 
24565 
24566 
24567 
24568 
24569 
24570 
)

// ************************************************************************* //
